2.510218958626052821e+00 -9.010572924769139291e+00 9.918116044734828662e+00
-4.636387437516287235e+00 -1.218100386424351367e+00 1.073162319507370022e+01
-6.964151445108013760e+00 8.695266877277064710e-01 8.106673049847387347e+00
-8.013411215796038434e+00 -3.118393882845956089e+00 1.037408337448628082e+01
-2.961173946314246574e+00 -5.404728134365898384e+00 1.118946105192212670e+01
1.043216858751316600e+01 -2.777938731359827162e+00 9.871232951386920362e+00
-9.897699393068378981e+00 7.521971796791824261e+00 9.714363822221008249e+00
3.777539429379718872e+00 1.080509887033717931e+01 1.200913523129875671e+01
2.433465557850859273e+00 1.178651176143675094e+00 1.016451697901724494e+01
-7.589308161272634301e+00 4.154819570039754772e+00 1.002604932168859087e+01
-9.584055139913200350e+00 6.160685186339866171e+00 9.769589412270340389e+00
3.748473112231201387e+00 -4.243554824156674954e+00 9.730662518568053088e+00
7.013630406040525678e+00 1.383252685373806079e+00 9.997991114548350211e+00
1.298408710617344974e+00 2.532998063188138804e+00 1.001241618776715825e+01
6.471310834754270047e+00 6.178801191939066406e+00 9.771290402117479346e+00
1.074451634412490009e+01 -4.371167532249589094e+00 1.004945050437804355e+01
1.363575259505791504e+00 -3.681307215854731307e+00 1.009238607366192753e+01
-1.556609078642685606e-01 -5.446497235273143112e+00 9.478569776391143620e+00
1.876338387746615322e+00 7.004681680217749395e+00 1.008502712781618804e+01
2.537401573926904241e+00 -9.863301216363652202e+00 1.055369539182125926e+01
8.744761579968354681e+00 6.328580415879172527e-01 1.014460633659543198e+01
-5.334506924486331236e+00 1.357918639298849373e+00 1.005401282845855171e+01
9.122463089081437104e+00 -2.111171201493584171e+00 1.007294566528813462e+01
-7.017814107672825763e+00 2.198650868783448953e+00 1.009261365070450722e+01
-5.154808951169664866e+00 7.028713862680026736e+00 8.838217568867758445e+00
8.880113159943990198e+00 -2.155442155035741436e+00 9.868065944735779027e+00
-2.034136292617557684e-01 -1.624841225867069472e+00 1.002066027048748786e+01
-2.763993968389073519e+00 6.461243333162177471e+00 1.021920523453254859e+01
1.007125214924511347e+00 -8.640894003563403203e+00 9.900287487321588031e+00
4.368651161463477095e+00 3.448427638446834198e+00 9.891733082487952800e+00
-1.911166447970287452e+00 -9.107554083840916359e-01 1.047992225529425880e+01
-6.944828582462300837e+00 -2.030349327249164837e+00 1.016978831456660970e+01
-1.975644963217704886e+00 5.699285329891747409e+00 9.984453450342728686e+00
-3.604376766317777481e+00 -1.087220810034233764e+01 8.834543775172917890e+00
-5.055571879434003435e+00 -2.649617523472830083e+00 1.099425714154387812e+01
7.554240795248839291e+00 -4.715721121034527341e-01 9.193930842066102116e+00
-1.511728109489445471e+00 -8.664985838950395092e+00 1.022795547144805184e+01
1.540328329926822892e+00 2.037417816571870155e+00 1.006485259966251888e+01
-6.510968669119873375e+00 -5.852080933117427719e+00 1.076676495469136974e+01
-1.110029442711375935e+00 1.056201656830430213e+00 1.184412634398356090e+01
-9.354171052969983080e+00 -2.211909977139941752e+00 1.000683778900463317e+01
2.954594721626578213e+00 -1.105212183563377026e+00 1.169811746283036946e+01
6.795308298433532457e+00 -2.108996845637792550e+00 6.196833353742359662e+00
-3.390258831049695498e+00 -9.132949591292016223e+00 9.663394556058591434e+00
7.258098356287638886e+00 4.281311070926058449e+00 9.939097671097687936e+00
3.939653226002400643e+00 7.389684457677970109e+00 1.033056436936197287e+01
-4.726188134692524301e+00 4.437030963930923555e+00 9.805866363339783121e+00
1.088785881673268108e+01 -4.708252515988690767e+00 9.514239124870270459e+00
2.227305071720346419e+00 -3.446893062220692805e+00 1.045695705041636181e+01
-1.045453065106260127e+01 2.299652964721488946e+00 1.015632887184022870e+01
7.349943997448955102e+00 3.916386824568890646e+00 8.659310310052315884e+00
-2.866717113026495234e+00 4.298851120331580233e+00 1.134800281106412356e+01
-1.163908393808574537e+01 3.072607862188353245e+00 9.805863898787045230e+00
-8.067969358433920490e+00 -4.276383682076413173e+00 9.910121386113937447e+00
1.056430145241972696e+01 -5.696230484712920372e+00 1.116788220924906128e+01
5.103752180985394737e-01 4.157515854533622601e+00 1.015628022198985114e+01
4.572471200731515140e+00 -3.358900107301584725e+00 1.029253371182801224e+01
-5.939632363301629248e+00 5.114456400494047372e+00 9.222372338644113654e+00
5.478704861316846531e-01 8.649988540180638674e-01 1.006438901230041338e+01
2.543907646352281837e+00 2.261544863313377007e+00 9.849352452150304416e+00
-6.439227775580691038e+00 -8.248036950432757308e+00 1.018461552939148440e+01
-2.145171671025690507e+00 -4.450393072757939272e+00 1.041467721735596896e+01
3.920060825932917936e+00 3.623391669693885486e+00 9.817751475720523757e+00
2.812738672160028930e+00 5.882342713698180958e+00 1.000047304251329550e+01
9.620051895972943967e+00 -5.957349803045673298e+00 1.013693588313880589e+01
-3.967203013391533251e+00 -1.886324080220477706e+00 1.019784614657647737e+01
1.072223682078150730e+01 -7.598307914382858463e+00 1.044875751789965257e+01
3.037256467926214842e+00 -4.183880424410920895e+00 1.000506386259775304e+01
-5.667315006471881356e-01 5.156032616633805077e+00 1.005550140301278361e+01
1.607883542833453472e+00 -4.906169406671609501e+00 8.277859413409711209e+00
3.949012456904402502e+00 1.120918129812671182e+01 1.119000271143247893e+01
-3.823435391654216531e+00 3.544153983083257131e+00 9.849173945717444312e+00
3.283824628762389786e+00 8.691395531333299118e+00 9.543859154533437916e+00
2.729313360806385091e+00 8.430585809139802933e+00 1.276911606011308464e+01
9.989082335208427921e-01 3.136391758343675118e+00 1.011087288984152366e+01
-1.012060687041467055e+01 -2.298974012759195773e+00 9.576142981027381040e+00
-7.309963065498098267e+00 -9.809147131059347657e+00 9.914673247489211860e+00
-8.477271614519290566e+00 -3.475741639740639322e+00 1.110979353826362725e+01
-9.416536329723943055e+00 1.944536361748061104e+00 1.003662444729633663e+01
-7.273460168265311054e+00 -1.071355054900308801e+01 1.001519231035386071e+01
-6.029466694955448069e+00 1.112140634041145493e+00 9.977338945448019913e+00
7.468335562007404782e+00 -3.570568324584170394e+00 9.952546296116874913e+00
1.006837656081083132e+01 -7.955237262045081081e+00 1.000711028007771830e+01
-9.293188334254686822e+00 6.263982270501652350e-01 9.998975548045590855e+00
-7.142796387598121299e+00 8.202241044299231731e+00 1.437951045906206993e+01
-6.089638652289803389e+00 3.363761568230386967e+00 9.974072885844528003e+00
-7.141026926261956120e+00 -3.051771234925761522e+00 9.999883636691397015e+00
7.326496317184549412e+00 8.267705746861309102e-01 1.081982144281992397e+01
8.203666619944884886e-01 -4.722654454039257876e-01 1.080447914498368611e+01
-6.021381622498817698e+00 2.117140787714627326e+00 8.892135264732081268e+00
-4.245142083709476211e+00 9.339588688692616048e-01 8.609645487369382622e+00
1.081437316518740488e+01 -5.206943902911365107e+00 1.020308859977517812e+01
1.010916531209703706e+01 -3.592518871870658437e+00 1.125222341508690782e+01
-9.008030855167674655e-01 9.081478124728628032e+00 1.029539892559773051e+01
-4.388944906419214753e+00 -4.436168463359592806e+00 9.978511601291272015e+00
-2.322131252138427193e+00 -4.984906772160179855e+00 1.010756632851299663e+01
-1.788195759722285061e+00 -4.444564956569863945e+00 9.846390463381299085e+00
1.709828926402991778e+00 -4.118789761034876484e+00 1.000418054635037457e+01
5.410396322692542448e+00 1.102568484774097435e+01 9.476813771612469850e+00
-9.297644150926649420e-01 9.824237276876770508e+00 8.786650107071507065e+00
-2.530935034453482224e+00 1.440411681339126559e+00 1.000802586294654262e+01
-3.038262345976549650e+00 -9.294848082362737074e+00 1.014568727277874594e+01
-4.594805808283774162e+00 -2.947942202447937809e+00 9.272187819656727115e+00
5.449442455358441073e+00 3.461079393430252171e+00 9.869694736607391050e+00
-3.936711861491120068e+00 -9.995980589849494891e+00 9.996982114657692264e+00
8.790963155906843518e-01 3.756603175642690751e+00 9.954197004637924451e+00
4.411744331318024237e+00 -6.623203789324180413e+00 1.103436503755091636e+01
5.264345842197458047e+00 9.539505156525072138e+00 1.077963998819824631e+01
3.039280443945942878e+00 8.497555513734944554e+00 9.998067112241701082e+00
5.808457776542994111e+00 -4.930986121775563724e+00 1.026078013337884798e+01
5.359673255668253589e+00 8.397236716857252148e+00 1.001272341635773167e+01
6.745574917520356095e+00 9.579371370009416298e-01 1.089032375361023419e+01
1.050789323009215614e+01 -2.730879916940275542e+00 1.141727037387743771e+01
1.311086300031507612e+00 -6.188524950106749856e+00 1.040433986445711056e+01
3.607965463080430979e+00 3.147131966738377695e+00 1.040748392586083249e+01
3.275564550549081577e+00 -5.411933499150807236e+00 1.001029902114370174e+01
4.849339474415082840e+00 -6.663941752178006439e+00 9.921703988464145141e+00
-6.612679561595373734e+00 -8.735143844583648232e+00 1.061278876763798706e+01
7.083502403265901748e+00 -1.471967926855808351e+00 1.022516206926537308e+01
3.416104803277150825e+00 4.017803662557122735e+00 1.095869501872620688e+01
-8.625710567706676102e+00 4.273320618166200013e+00 1.005101464903269282e+01
8.711334305017434332e+00 3.723004356191753850e+00 9.912570383410102437e+00
6.585102885947479168e-01 -3.889941605156496784e+00 1.037043602604242842e+01
-4.689762138701698113e+00 1.169582118242655788e+00 9.774267219948393759e+00
2.675936049847404519e+00 -2.674897769937073733e+00 1.011629641712744920e+01
5.795823412290357801e+00 1.048854433193131719e+01 1.032708228823805108e+01
9.396890016812868396e+00 -4.342473642495723318e+00 8.648585708261059324e+00
-5.529332438609439571e+00 -4.029960428758654345e+00 1.013694130103476176e+01
-8.269307514545232607e+00 -2.088138243657150284e+00 1.000596226572811709e+01
2.048689726837215730e+00 6.127610806533494436e-01 1.012168694901156130e+01
-4.586134740331478277e+00 4.564007899235873467e+00 8.324640816036312785e+00
-1.698324916754720526e+00 -5.043942204496138615e+00 1.006108932380114851e+01
-5.072837268653947795e+00 2.185899450654924969e+00 1.002552333534628204e+01
1.908304654453563343e+00 -8.728476361519829752e+00 1.002470363582409618e+01
1.172031846973765168e+00 6.107297022024278377e+00 1.095500743990144876e+01
-8.158066041740291041e+00 -9.067195460910372873e+00 1.023216472188872750e+01
-2.132354540004889998e+00 -5.861880569131466601e+00 1.000365751176527596e+01
7.065866387194776443e+00 -8.570130289769188892e+00 1.000578910538721189e+01
-2.854361368551781020e+00 5.441360568504299167e+00 8.937804716238710867e+00
1.905770037644308967e+00 3.412111947392037159e+00 1.029526489064025263e+01
-7.057881850164434034e+00 -3.897346980961636120e+00 9.869316962373684277e+00
-6.140270773727563913e+00 -7.885007096472256727e+00 1.092795465311103520e+01
-6.871064080706776878e+00 1.164972955494874229e+00 9.755531218559827522e+00
5.626237398438418413e-01 5.647225986952518539e+00 1.008555077088368002e+01
6.952995445959314402e+00 -1.964399168913044003e+00 1.031241891185488591e+01
-5.966257331600571590e+00 -7.332930206054395939e+00 9.540882097886314028e+00
3.027361410824251031e+00 9.665703766938086972e+00 7.321341399989021781e+00
-2.221262087469063840e+00 5.013228592105466674e+00 9.725140045203204409e+00
-4.748695868389754438e+00 -8.714377611363989473e+00 1.260360361615564528e+01
-4.626743520002868593e+00 3.767999375097868864e+00 1.143565369524251096e+01
-2.707535695960514577e+00 -2.854057770124438953e+00 8.911485351536938992e+00
4.207505453028424824e+00 3.373975145187172675e+00 9.260813528188336363e+00
3.466084986106363619e+00 -4.408816664821670450e+00 1.009724492700861553e+01
-5.844698561254247693e+00 -1.186467766419948555e+00 1.005181097981846605e+01
-6.577432313368509753e+00 -5.324437017779191095e+00 1.016155082187241909e+01
-6.324721052909724861e+00 4.350540058989923686e+00 1.026958683593915111e+01
-2.813984477812646823e+00 -9.871186141801590708e+00 9.703909502505691620e+00
-2.923249393401410767e+00 2.809612042546982824e+00 1.022075892517315765e+01
4.664931723511460682e+00 -1.964828021076759468e+00 1.007883117375298809e+01
-8.008840899586017414e+00 -1.011472554191930762e+01 1.004245805088567245e+01
-7.488469931303946225e+00 -6.518325129284503028e+00 1.000747343444548854e+01
8.219237211192936599e+00 -4.518977874409065620e+00 1.098312983122525743e+01
-7.911800687240035046e+00 3.856609668865091045e+00 1.016426589505143419e+01
7.285212635625165412e+00 -3.749689564163565247e+00 1.005782596602262480e+01
-3.207050007708946104e+00 6.243634062988607347e+00 1.005071721367094462e+01
4.849354016388388366e+00 5.958139565632072809e+00 1.013939707031882342e+01
-6.219899371835053259e+00 -4.810031997285237004e+00 9.902693177470970554e+00
7.090966365983538466e+00 -1.551954838285330707e-01 1.037398196104544468e+01
-4.133530756604424816e+00 -8.288823007932009546e+00 9.999788756796601064e+00
1.696955150549066538e+00 4.148162447022056831e+00 9.813730094336650112e+00
-9.733956898895240073e+00 1.565613599131527200e+00 9.999728723621702287e+00
-2.510538999754741152e-02 5.454234789574442743e+00 1.018256934537108016e+01
4.625753538107348461e+00 1.734544716066833026e+00 8.578157292182380544e+00
6.839527537650594624e+00 7.911419888113361054e+00 9.958891436643851236e+00
1.292442453871395447e+00 -9.746266124007693321e+00 1.005828294628406105e+01
-1.085584763188726853e+01 4.403594570379564033e+00 9.090201783267913171e+00
-7.706460418095462117e+00 -5.554093760407104341e+00 1.003432572529000311e+01
-7.120062821377528550e-01 4.330044415250752010e+00 8.995206157075584130e+00
-4.137476564608945750e+00 -8.273445565260860946e+00 1.003314459202677966e+01
8.931309428550850527e+00 4.965761182150785658e+00 7.762927078960674798e+00
5.413832481864671031e+00 -7.104848983882199320e+00 1.022283089900150443e+01
-3.816863680214207299e+00 -7.430063198676020164e+00 9.216225817930187247e+00
-1.027781794755331934e-01 -7.312256286988050746e+00 1.001450397456891039e+01
8.177848675656283817e+00 3.933411809985027041e+00 9.812420409790384213e+00
-1.055405594423040228e+01 7.127876292350659782e+00 9.996999718836462989e+00
7.333488585683166860e+00 4.513824587254738674e+00 1.009982812985519551e+01
3.735715545919650271e+00 4.838316969473828166e+00 9.963996433742460468e+00
1.032839533246530728e+01 -6.848700514736774103e-01 1.019841322552299800e+01
-1.280023763144662929e+00 -4.474268494250585704e+00 1.001093573913754220e+01
3.615670498190090676e+00 -7.891486869560141670e+00 8.859791271897641707e+00
-5.735351753078759884e+00 -7.390482882228706529e+00 1.016877701877217000e+01
4.102039408900885142e+00 -8.461024291686227272e+00 1.015976497266130529e+01
5.282357512245943632e+00 1.011764668040363802e+01 1.038082924287412290e+01
9.658787690134473802e-02 5.677140225179976518e+00 8.707418673632366435e+00
7.213344939886090046e+00 -7.634621100557642315e+00 1.029829267320907071e+01
-1.506058616150374396e+00 -7.852886366225916959e+00 1.009210585212080957e+01
9.948688626529264667e+00 7.947576290062488558e-02 1.068257373657983322e+01
-4.047918207104946653e+00 -6.683337544776987826e+00 1.223759381496566512e+01
-3.348751005759515120e+00 -1.091632069734139510e+00 1.011142495723971990e+01
-3.731937260897393749e+00 4.869311248350978172e-01 1.025998349755715822e+01
4.160228513692826979e+00 7.230969770533834051e+00 1.094565766746456958e+01
-7.498525336679313646e+00 -6.796133337049376166e+00 1.009507716969725166e+01
3.287816538521245668e+00 4.537080130920041476e+00 9.969274893369149737e+00
2.897458575896441513e+00 9.847212030230641844e+00 1.001829576847231706e+01
8.974222729575121349e+00 4.576152911242548527e+00 1.013789935167345746e+01
-5.497644540312388806e+00 2.237757036186676096e+00 1.014942618758211168e+01
3.409153996152777033e+00 1.180783328596969461e+01 8.817260155080676398e+00
-3.018910749606986244e+00 1.124956306444326204e+00 8.597476212651635308e+00
-2.862636505719561963e+00 -5.286942374695159153e+00 9.524698897793575370e+00
4.736563746999084223e+00 9.247884329620864818e+00 1.000991918434879580e+01
-4.113473426703601277e+00 -1.528233623023437238e-01 1.104595800263772531e+01
-7.799448200259058162e+00 1.048688473578116565e+01 9.498073258939619734e+00
5.539117853635433519e+00 5.663787258469530350e-01 1.003883919908431999e+01
4.104100163980982097e-01 -8.457764078386359685e+00 1.006662990873048891e+01
-7.792019219464848767e+00 6.172622628728471561e+00 9.375231298660100521e+00
1.657634606447775161e+00 -7.746919887641210423e-01 1.005478314740531331e+01
-6.403095952276676606e+00 -3.432798001189697690e+00 9.959776181275973528e+00
-4.742021026260972327e+00 -7.917352297569660635e+00 1.010524072051719990e+01
-1.670461492527453018e-02 3.365263767720312771e+00 9.785110273580365003e+00
-6.279916701154267145e+00 6.495857376141147554e+00 1.017548801889038046e+01
-2.299575545329804793e+00 -4.647186510639550683e+00 9.990493613947926121e+00
-1.197684583253322277e+00 -9.234352449274810581e+00 1.005679206552319904e+01
9.438727312938883784e+00 -2.958300770063839291e+00 8.742496405874724985e+00
-4.985674345760498838e+00 8.431973946815391585e+00 9.839889559305568412e+00
2.444087590645241281e+00 7.616733678532395579e+00 1.003851959835502683e+01
2.050390777976067280e+00 -7.800982467370770834e+00 9.706218106545778213e+00
3.011613116656488565e+00 -4.605170101521916415e+00 9.938907791492241017e+00
-2.537332670283292124e+00 -9.575041218546562760e+00 1.370831468484341009e+01
-1.069170377416313755e+01 7.319203964552792208e+00 1.011114358343151665e+01
-6.711069571047005411e+00 -6.194194541687936706e+00 1.026467033618948399e+01
3.924437951828276816e+00 3.624394993805157839e+00 1.007733674562407700e+01
-3.434592377783080686e+00 5.010955302902170061e+00 9.991411624648451451e+00
-8.480154443205137227e+00 6.201357645972461086e+00 1.000003426689603714e+01
2.747468915710548298e+00 -4.015367673692818329e+00 9.486465005577539245e+00
-8.232690541102476445e+00 -2.418979680636451857e+00 1.000168152712034697e+01
-2.091241018432056009e+00 -1.763652350432288296e+00 1.085198059819283678e+01
7.852544025553106266e+00 8.471093927518777988e+00 1.000817253269930340e+01
-2.541952572484639794e-01 8.562345448151621241e+00 9.646847677983668490e+00
2.199551406759747696e+00 6.807819583755871484e+00 1.062867379116865685e+01
8.243755199179327420e+00 1.687107342205177218e+00 9.785495924233995169e+00
-4.697740796153722087e+00 5.103887552742699896e+00 9.990596205121722306e+00
-6.306428707351435570e+00 -7.834249522765722951e+00 9.417649155619816526e+00
1.156757388348135862e+01 -7.400560778252497585e+00 9.901955222433237225e+00
-4.759281848900805301e+00 -3.441032308015207430e+00 1.006729157595867541e+01
7.300511247662050174e+00 3.438038902876860980e+00 1.141022455869883245e+01
8.117947259252954240e+00 8.976417615613639711e+00 9.995378228592576519e+00
-3.570791961618414945e+00 7.005801336978786376e-01 9.893714648124346311e+00
-8.067068427333941472e+00 6.978021799512932333e+00 9.920844677393816369e+00
2.197015073014587649e-01 -1.123024820376637578e+01 9.617740263113038424e+00
-8.422750005261223194e+00 2.230247896395057272e-01 1.004425396077123445e+01
6.462165568612824096e+00 -9.020440215451491772e-01 9.877244470215865491e+00
6.450222590317430615e+00 -2.978793040072543086e+00 9.359010405916567521e+00
-1.029059376732424269e+01 6.960619225321470260e+00 1.013533835293568686e+01
6.304335000261323430e+00 -6.925637344263511963e+00 8.532332549164735269e+00
-1.221881744420698857e+00 -9.222647124523870588e+00 9.922798073879683045e+00
3.187975451521792181e+00 -5.633670607845854050e+00 9.974392053988651696e+00
-5.508835885875953409e-01 -2.371031127740822697e+00 1.008101618411559031e+01
2.273818522765304273e+00 -8.155151612942135309e-02 1.152268459987269900e+01
-7.423420701115431619e+00 3.761295876124075122e+00 9.960796196650706591e+00
7.083033403717761800e+00 2.401843647656053182e+00 1.102654155165431504e+01
-8.275492945484872465e+00 2.083645348434011169e+00 1.107987046041766810e+01
4.373068583457623504e+00 9.883879636705568572e+00 9.845522564451561820e+00
-6.544551794743581397e+00 -9.653291574809317765e+00 1.005300203303274387e+01
7.223094570046109553e+00 1.106188762245386847e+01 1.045462339740212165e+01
-3.754950981022080025e+00 -1.015168278362417409e+00 9.946592410572977272e+00
9.563715981049659476e+00 -3.653771833079298315e+00 1.000050727861992783e+01
-2.813531699938723651e+00 3.550877426333745923e+00 1.000327138781408998e+01
-1.862400614866395854e+00 -1.173193087036021875e+00 1.018113929607200951e+01
-3.069842517360446887e+00 2.109627185373370573e+00 1.253712786695010450e+01
-4.368163708760533837e+00 6.525503412876553000e+00 9.724710702098255055e+00
3.170013790211154148e-01 -7.629210619218819822e+00 1.000641745381428827e+01
-4.611242367065702119e+00 -4.907609479345214076e+00 1.156366267482784771e+01
-7.802003225359957383e+00 3.233235802753726684e+00 9.881176078522640793e+00
9.288522257721282926e+00 1.633427006583045182e+00 9.188795670107207769e+00
-6.531112737644352961e+00 2.843661579396310923e+00 1.000218736120799967e+01
1.720302466774951133e+00 -6.468639878520672681e+00 9.996375198944722484e+00
-2.061400630646252008e+00 3.085714596921500519e+00 1.090497227941744107e+01
8.023232206695476876e+00 -7.632145829927268643e+00 9.961448100632763314e+00
3.008995643881084536e+00 -5.442099137383363150e+00 1.085167404675087255e+01
-3.795897893660105549e+00 -4.150254444277370336e-01 9.475529269540080790e+00
-4.741884968473721873e-01 -2.554300920739182246e+00 1.015048116175288584e+01
-6.514748089187867741e+00 2.676315860192847840e+00 1.045181791466909615e+01
-3.096410039749906584e+00 -2.355305763895923832e+00 7.906701331551974299e+00
-9.531839090579999896e-01 7.049537014800991486e+00 1.066354657918913773e+01
1.642030746550478426e+00 5.708777169643038718e+00 1.029753589266490899e+01
-3.807750744302905943e+00 5.256860225722917335e+00 1.001966167555485221e+01
2.242451341236017637e+00 -7.218869941392860312e-01 1.016007958409315037e+01
-1.751721893673345853e+00 8.974442635960539150e+00 9.792740788829634724e+00
-6.336720977656513654e+00 -9.072741322056335989e+00 1.014902877868438402e+01
3.136894132313469807e+00 5.838827652144179758e+00 1.004394990289232759e+01
1.054615854715626355e+01 -6.948971676197413849e+00 1.002989912434734165e+01
-2.052039601552700265e+00 9.638221977037947141e+00 1.012704229170177683e+01
-3.828694471555726953e+00 9.365740798669875744e+00 1.003548910035233810e+01
2.502870694958073461e+00 -3.129333523263604921e-01 9.992207273346339846e+00
6.021097175647162736e+00 8.898951845622141477e+00 1.226822877958092306e+01
-4.241337799291760469e+00 7.946665929403187612e+00 1.006123422113286558e+01
7.221283751219175429e+00 -2.937424550056995987e+00 9.553453826965037976e+00
4.801311735581787588e+00 -7.348751700276559440e+00 9.390855099477191104e+00
6.414842423343010580e+00 -1.653538277918977784e+00 9.878946151684040444e+00
4.614697039854713800e+00 -5.844658010599380837e+00 1.020618596295533997e+01
6.339127838893650946e+00 9.685261018806536892e-01 1.013268125887851134e+01
-5.314146007185096110e+00 -6.496725661477031011e+00 9.603142737959792896e+00
6.398888772341530640e+00 8.547902094039121934e+00 9.921961826563963527e+00
2.414328828772663582e-01 6.891581197335622910e+00 9.612012519332845173e+00
4.527966187148441790e+00 9.370035879519644340e+00 1.004087460397652265e+01
-4.127748864613949742e+00 -5.033820942165621481e+00 1.000193958317805709e+01
6.436280308970681929e+00 4.597715546576771395e+00 1.022564200006148916e+01
-2.464543693698727722e+00 4.326834830389264752e+00 9.094569510782761768e+00
1.014275209364346786e+00 4.811239699661700620e+00 1.212349570486365025e+01
1.232920390254343079e+00 4.407983635677126699e+00 1.024288142112481914e+01
1.019678689519717629e+01 6.113894518910630849e-01 9.776774968507336183e+00
1.776439156529970420e+00 7.748715353144925544e+00 1.008791506667065718e+01
-1.104093965117006171e+01 -2.148537870133652383e+00 1.389583429247479529e+01
-4.618264773530761147e+00 3.591092822316335642e+00 9.776614770448395220e+00
-3.086266003989712292e+00 6.979901774366835454e+00 1.055496127501286097e+01
5.352731632691258845e+00 6.872300791208726167e+00 9.924147660354559974e+00
-8.206159080444105358e-01 -4.191852393334841942e+00 9.904921182503636956e+00
-3.413379962598570572e+00 -8.611004229776549224e+00 9.378644918267761810e+00
-7.050995953366766322e+00 -1.129361344653177390e+01 1.013898958457524202e+01
-9.461840975844095780e+00 -1.200312661469754794e+00 9.955464254631150922e+00
-1.303766729477795705e+00 3.873664202176828608e-01 1.000458333747457473e+01
-7.593447803796951057e+00 -9.318837221889277878e-01 9.440318517726701941e+00
-7.947798145467157127e+00 -1.244863919484997439e+01 9.310321402075288688e+00
-6.026393196783452755e-01 1.960234624863472774e+00 1.006071090678692670e+01
9.264403452954237395e+00 -8.107774398808480498e-01 9.929764303881086107e+00
2.258770071925329415e+00 -3.789996647747782554e-01 9.842588175453636623e+00
-2.131738807346488684e+00 7.196407639058888250e+00 1.001143518603753613e+01
-3.522453489701705909e+00 -7.959515117115373073e+00 1.065969856265768634e+01
-1.113513305316473190e+00 9.115696075260748543e+00 1.042043918142500480e+01
2.890959127828452324e+00 2.311993919309258239e+00 1.008313421208424643e+01
4.798832861947508022e+00 -3.346577033382261757e+00 8.671918520286723719e+00
8.753498649047237734e+00 -1.643359288731991441e+00 1.024024069237944978e+01
2.636949942495970589e+00 -3.552585796318726619e+00 9.075493992387119846e+00
4.667551438957014298e+00 1.436380742885480011e+00 1.112658533464335875e+01
-7.796299899485604756e-01 -3.710607174887602167e+00 1.010548699391375571e+01
9.032213831339124255e+00 1.850972843791529598e+00 9.957948989581431931e+00
-5.707008158697350453e+00 4.195940423137893283e-01 1.000232202869375620e+01
2.017859114918775898e+00 -7.697517857932956176e+00 9.982997169711797625e+00
-5.121570059209640036e+00 -5.624808597736550730e+00 8.451699811134995244e+00
-7.315672346763817835e+00 5.116925322338293114e+00 1.057275831082205819e+01
6.236836840390204806e+00 9.241244189883785154e+00 9.617011005140859936e+00
1.030575360339163637e+01 4.128903501566983381e-01 1.005054726788537778e+01
7.415990926641886638e-01 5.941174602069899002e+00 9.703854534774841056e+00
-2.693006688280582539e-01 2.406127282105214427e+00 1.021577851806029003e+01
2.000668614944123291e+00 3.011101461619785646e-01 9.978246319827585253e+00
-4.438153936175102565e+00 2.254852629102994221e+00 9.828436295692950964e+00
1.177980089490392179e-01 8.725896009959786426e+00 1.007737198566316650e+01
-9.619177604388330138e+00 2.731703894091709550e+00 1.000135673883845300e+01
7.745045206216036870e-01 -8.367563721511739772e+00 1.013234737424697407e+01
-2.404493263891746668e+00 8.784421494298184641e+00 9.955280370153555936e+00
1.776010323725353057e+00 -9.196997070010946018e+00 9.777742056681306693e+00
-5.926297403107117390e+00 -8.992130220166181687e+00 9.950288808245650429e+00
-1.391778257317523249e+00 -4.440878008175821456e+00 8.518180783512660170e+00
6.816864198324874557e+00 1.003235000856760806e+01 9.992395272015354379e+00
-8.023435919203935285e+00 -9.116615868188283400e+00 1.003637981017899605e+01
-4.308338347614523833e+00 -9.740494216319668386e-01 9.989333618600614528e+00
-1.058642405799563146e+00 -4.512292609608370975e-01 9.894291096533054386e+00
9.332751317343923603e-01 1.064132934591339996e+01 9.418093639461098121e+00
3.491746351354926836e-01 4.878493524914269130e+00 1.020342493120591243e+01
2.667087372903887310e+00 3.556231931943790947e+00 9.245368124136955856e+00
2.774689812656342625e+00 5.409020017531480207e+00 1.015348772587278603e+01
3.228610793088328101e+00 -1.052383530127113609e+00 1.239402473788192971e+01
6.256235242104461136e+00 1.526242748660758597e+00 7.774207804620605344e+00
7.525686668421928793e+00 3.540478250021968698e+00 9.421731643523855837e+00
-2.343401978624534365e+00 7.705605526892813195e+00 9.966711692640659592e+00
7.909974621923570481e+00 -2.771104524532501223e+00 9.275834976480014760e+00
6.280805340379357560e+00 -5.320729899159601040e+00 9.936853968458127184e+00
-3.083507384002645679e+00 -3.267477165220805890e+00 9.949706804002074634e+00
8.964300865969706322e+00 2.718087309167848131e-01 1.006059785199919610e+01
1.052997673390994393e+01 -3.186062890192864483e+00 4.970494072624666693e+00
5.770005815831178886e+00 1.504056995635222327e+00 9.974624176513776419e+00
-9.024060728753518390e+00 -5.023450861338197626e+00 1.004857552422086009e+01
-2.676007559278418491e+00 7.258785239352343766e+00 9.953819841247522504e+00
-1.016872462006976008e+01 1.002535409998431781e+01 9.235104430359983851e+00
-5.598936637486036538e+00 3.498850340820351956e+00 1.130160513807801514e+01
-3.938375996525121270e+00 -2.653662894610245626e+00 1.163466029234878718e+01
9.087087715506788399e+00 6.065191865752581180e+00 6.375453718254029845e+00
-3.771740114835453017e+00 -2.193615877818684723e+00 9.559383683822673561e+00
-1.015102588470699807e+01 1.978154041680762365e+00 9.109262230393120774e+00
-1.115521823701268456e-01 -3.548833748787915132e-01 9.582175170978516121e+00
6.108171495501448334e+00 5.324491950450902955e+00 1.160653030306852784e+01
8.198409867843517773e+00 -1.850319317376233341e+00 9.834363171473190945e+00
3.518735811984119444e+00 8.404911768535004768e+00 9.362556870699386025e+00
1.385603044988348298e-01 1.041812784076709519e+00 9.901439498078044466e+00
-7.566642684069864622e+00 -7.484753255674648997e+00 9.831772154302674593e+00
-7.751876439511467431e+00 -7.078268243977077212e+00 1.105257105753030977e+01
-4.413997224793650531e+00 -2.477412855381846413e+00 9.735417348322370046e+00
-7.000961522600569253e+00 -4.263976260502812643e+00 9.447482924275217187e+00
3.023262890220010934e+00 -3.296474597961901232e+00 8.421539779784797730e+00
-3.463704355205985408e-01 2.933981440898833171e+00 1.000005728442267028e+01
-2.994602837928394656e+00 7.238245209947939962e+00 9.398892569849378376e+00
1.380471764685207381e+00 6.353151767787950988e+00 1.000965556623578756e+01
-9.908585066485907644e-01 -5.294157489899559366e+00 1.023359604206989104e+01
-4.175629977493806599e+00 1.883716139977511528e+00 1.002450605823951335e+01
-5.765306640046239828e+00 -1.003607434179725200e+00 9.983899753332739380e+00
-6.588994654171669296e+00 -8.016839820783623338e+00 9.701234958669493480e+00
-1.250882072789550659e+00 -1.056785692923323339e+01 1.000810316779854858e+01
-6.044888856352337747e+00 7.029761691271978918e+00 1.162170404185400230e+01
-3.699221376563735841e+00 2.070788459380130231e+00 1.056933083645062510e+01
-2.997178497729860336e+00 4.424783434506646351e+00 1.001079807176880898e+01
-4.384459801252034161e+00 -6.322794309551635905e+00 1.039364443910919888e+01
-7.500300711852489144e+00 5.280292079062873789e-01 1.015940428903163983e+01
-9.968391757281169774e+00 6.752718574854067235e+00 8.595278185382600356e+00
4.941007795993974661e+00 -8.565080067722176338e+00 9.122781465258473332e+00
4.283610517695460196e+00 8.694915505051174165e+00 9.988446451512977831e+00
2.200168961112864974e+00 -7.689913737409020733e+00 9.867853862034985823e+00
6.319900421431817961e+00 -5.094440671396879061e+00 1.020748192383631725e+01
-3.354241662858338024e+00 3.933155416403928850e+00 1.000420023054088858e+01
6.290846618068393070e+00 9.537881137876922821e+00 1.122673376793006206e+01
-1.037461631554011632e+01 4.268357741420183871e+00 1.019228026045226798e+01
-2.974296297726048977e+00 -4.775999835074656197e+00 1.004460315757448363e+01
-8.837764996819430507e+00 5.949249971148123928e-01 1.063527731994717485e+01
6.073765130509589660e+00 2.524214903269196064e+00 9.980369378647399259e+00
-8.799117506816260814e+00 -1.404278236948041103e+00 1.041502967392068868e+01
-2.311002393902541918e+00 -6.832057198351516369e+00 1.000002509629882397e+01
4.462137884924698206e+00 8.779442306222258185e-01 1.058730517610412569e+01
-7.947599569313853474e-01 -6.071075066361022898e+00 8.636718976088724631e+00
2.334036126747542905e+00 5.125529431773881761e+00 1.000146912887384332e+01
1.908640191770480943e+00 -8.169444748947244150e+00 9.722628299383574202e+00
-9.038819049371715764e-01 7.638118269030703011e+00 1.035198898999338013e+01
-7.817983299363128857e+00 -6.177443954405144044e-01 1.007173465226703968e+01
1.092383717473556226e+00 -4.624973073422456338e+00 9.777591674909912101e+00
-2.823066869135691381e-01 -8.397113442361067825e+00 9.995749360531149819e+00
5.327045425417230362e+00 -4.573276077842142406e+00 1.013713259950799994e+01
1.994962112008774824e+00 6.465430029798554301e+00 1.024138595245435468e+01
3.200683925499370641e+00 1.076127433804216338e+01 9.950725119626087078e+00
9.805068698288911477e+00 3.079729610251270788e+00 9.832825505113493847e+00
-5.701129597321972220e+00 -1.864164814246666690e+00 9.747440118424503197e+00
-1.197126948158620419e+00 -5.241883819201311745e+00 8.218798513786875759e+00
1.352996305705952640e+00 -5.398594153574457266e+00 1.097693807626241735e+01
-3.113772243753351265e+00 -8.717900302779552746e+00 9.605197693934027114e+00
5.115592330860498471e+00 2.074348725435755547e+00 1.037715676600942771e+01
-8.235629842407242052e+00 5.663539874077818226e+00 1.000160256431695416e+01
7.158296792808027220e+00 1.019242825636744598e+01 9.983888500146852252e+00
5.565147039068339296e+00 -1.621878768303762097e+00 1.006361549993943427e+01
-2.587333297963522849e+00 7.471185791597775072e+00 9.683005483691919935e+00
-5.107002236086694680e+00 -3.446637952946007832e+00 1.091359932374765229e+01
-3.991416134520693326e+00 2.390493355005744558e+00 9.450291985731979594e+00
1.127344621823485937e+00 -2.636461915986801685e+00 1.022366230802054332e+01
4.254569977335021846e+00 3.525167739266308331e+00 9.786757283168189048e+00
-6.272827648786799770e+00 7.206650224834013629e-01 1.093303246557361241e+01
5.313857194654088012e+00 3.556970410289577611e+00 1.000150182134478349e+01
3.550183764022761146e+00 5.986797629724042835e+00 1.025589620728374562e+01
8.958781078867371406e+00 -2.578958063225676334e+00 8.651984498108443944e+00
-7.047821289436558168e+00 3.293312648547681576e+00 8.593312828763810529e+00
-7.979078762531691460e+00 3.213062263761700343e+00 9.262150362029696993e+00
3.655227138772249584e-01 -6.244186643519402224e+00 1.005552409046361539e+01
3.476002499041526139e+00 9.276302793135702274e+00 1.036436134419661492e+01
5.260395524873398898e+00 -3.752869816977926209e+00 9.991043994674205564e+00
-8.309516860361883417e+00 -6.559386368313605331e+00 1.000502039146229194e+01
3.512314439827054713e+00 6.419550786429486955e+00 1.005357680984983126e+01
7.044379132351360262e+00 8.310005457362310111e+00 1.284858855802965394e+01
-1.789778787732967835e+00 -6.586516780858826969e+00 9.691764163393367326e+00
7.035898170096709592e+00 -3.169015226944103869e+00 1.277347188874276185e+01
2.177808605478183779e+00 6.368675493665808318e+00 1.081931172058319390e+01
-6.956542108733036578e+00 -6.788360316932908312e+00 1.069050367497429654e+01
-4.649305888152168720e+00 2.074135549523597355e+00 9.693743808341741541e+00
2.292642622347013326e+00 7.526653922349854753e+00 9.969681580484305528e+00
4.036965055578300543e+00 -1.527136083919413689e+00 1.031896291317888803e+01
-8.455133361525144053e+00 -8.365552195207367703e+00 9.865338741052125826e+00
-3.260704501757288654e+00 -8.873438262025622469e-01 9.833247437580840966e+00
-8.380087856652004064e+00 -1.568587013186599322e+00 1.046905629003287785e+01
-1.399962477526605076e+00 -7.775598925211291146e+00 1.072145222399767661e+01
7.665417644105804174e-01 2.440467209808749427e+00 1.006949351914458823e+01
-5.642974191825831376e+00 7.976668741641806726e+00 9.864401059430461416e+00
-1.266038111583801928e+01 4.146399620718767665e+00 8.274232178708414764e+00
2.394644019686848591e+00 5.070024800500665840e+00 1.000973932324344595e+01
7.616905713100583952e+00 1.091387592864385070e+01 1.082548325853699112e+01
-6.413009008488394613e+00 3.746100265698696141e+00 1.024568920729395671e+01
-2.463212957355789268e+00 2.640865926612706804e+00 9.868967812023241137e+00
-7.770524521717677935e+00 -2.764570685284482909e+00 1.000008158019614690e+01
9.234342171196926685e+00 4.160582801691050214e+00 1.048530228099137851e+01
1.566359068220129602e+00 -1.293565683176689518e+00 1.003672976365382041e+01
9.472009746415903209e+00 -8.928138740889648428e-01 9.541633732635274256e+00
-8.542872516443720698e+00 -5.212286458571901288e-02 9.834647920621812034e+00
1.070393811324595745e+01 -7.756093913661318062e+00 1.005786103950440236e+01
4.782744523336463160e+00 2.044633292969678884e+00 1.002322244363496218e+01
-5.444822600719553263e-01 -1.021219035421653132e+01 1.002793173173071928e+01
3.112871927045916642e+00 -7.752043307838885511e+00 9.928056859114091637e+00
-7.969286634633330202e+00 9.487106242580262361e+00 1.151333658406877802e+01
6.987051217863632147e+00 7.115469877965179268e-01 1.009617073027374623e+01
6.944657076796304729e+00 6.764789386640083002e+00 9.581355893460829165e+00
-1.025266492948403751e+01 3.969448565925962846e+00 9.697719567097424331e+00
-1.359798867587650728e-01 -7.582246066771281434e+00 1.015952751329344572e+01
-6.697552372394824927e-01 6.553718476109120061e+00 1.001706762062827494e+01
1.051593783864957921e+01 -6.104257352833594830e+00 9.551550709017687879e+00
-2.160881912286889417e+00 -4.980278721661051122e+00 9.990069757730276834e+00
2.477494425183607074e+00 6.073306440905475334e+00 1.015591668490866262e+01
-2.910257730069094606e-01 9.064306570239670791e+00 1.001066093727013495e+01
-9.542205091982459919e+00 -4.369564694263698534e+00 1.053272692912404018e+01
-8.432395793549506635e+00 -4.653420975782633917e+00 9.588250519839627728e+00
-7.609269480537823149e+00 4.082914682707898812e+00 1.012784525262210877e+01
6.561783502924392053e+00 4.626485729009371717e+00 1.004111607089259728e+01
6.587287416641546045e+00 -2.623942870241265268e+00 1.107806710634573477e+01
2.455991516946858688e+00 -6.637340365175329993e+00 9.842363145078451225e+00
6.493728969715733434e+00 -8.948268048135540553e+00 9.242063366561744431e+00
1.863931033087333988e+00 -9.146415725002841057e+00 9.711457480203636194e+00
-7.003512809517949300e+00 -8.010378085522170011e+00 9.354156071492635505e+00
7.418872688062231546e+00 -8.177099550795130511e+00 9.976809369556823626e+00
-5.434209169220988400e+00 -9.327432699828865026e+00 9.449272918163352131e+00
-2.385724227716893076e+00 -3.074127175973480064e+00 1.141012846604125031e+01
3.317229477461159259e+00 -1.055094003976942041e+01 1.171746397851118360e+01
-1.075581512261109651e+01 2.852538867879574891e+00 1.028144888146674418e+01
2.716457425565905304e+00 -3.385659794293702340e+00 1.064581062200036854e+01
2.153108596776697414e+00 -9.072594483220361994e+00 1.035151329553141863e+01
2.620290650324669901e+00 9.711868610972739901e+00 1.005260507484974219e+01
1.053067955021702318e+01 -1.186170821553325760e+00 1.028890074086965534e+01
-1.093094655125401715e+01 -4.275180043686847564e-01 9.851152984680997093e+00
2.543046309091658852e-01 9.335365922315444820e+00 9.709584639119380967e+00
1.578322228364140756e+01 1.323129981500816221e+01 1.316900520289191157e+01
-9.441732903650535746e+00 7.838901341031485615e+00 9.920787743328483899e+00
-7.981085407890931016e+00 -7.534568922270140412e+00 1.008204451551711678e+01
-9.218716143862625501e+00 -5.845204555087217813e+00 1.017896661374210332e+01
1.778082928883997660e+00 2.110230944860890467e+00 9.972079973208151316e+00
5.187461314353627451e+00 -2.502606046583995880e+00 9.953373917951559235e+00
-9.511908500530109833e+00 5.978793038651925684e+00 9.756170660263554950e+00
-9.774712661689449078e+00 1.726173476059214229e+00 9.767087906545398823e+00
7.993612839520583435e+00 7.680947654993207863e+00 1.231613362997925876e+01
4.018836318347958958e+00 8.720451778016725441e+00 1.099846232379867672e+01
7.091526455127763029e+00 1.104889254821241806e+01 1.003072626759956520e+01
9.303425112353428617e+00 3.352471168084195874e+00 9.937822640066517721e+00
-2.059365915595178897e+00 3.552681917740316830e+00 1.087908322880274170e+01
5.235730742718582853e+00 5.953133076105933341e+00 9.905254067687714326e+00
-9.870458333236673099e+00 3.398969934969841677e+00 9.953709122447435220e+00
6.524923523110041756e+00 4.066359378897830723e+00 1.110646685308179471e+01
5.287199159281527727e+00 5.436858580856132939e+00 1.010298684367396582e+01
3.734746357897852143e+00 1.043266387096192993e+01 9.119311545046743461e+00
1.534059377266560609e-01 -2.592527439561777558e-01 9.481072678390816577e+00
1.100126000733346598e-01 -3.386999810702739477e+00 1.004764766700064271e+01
8.288495282400603514e+00 -5.746758956863350143e+00 9.998020972758602909e+00
1.468526754544649204e+00 6.138029392845475440e-01 1.013462545603670328e+01
-8.054227411180400864e+00 2.532766848661602843e-01 9.782906455627255582e+00
3.098516907169132750e+00 3.189594535658315522e+00 1.059536319145216332e+01
3.157913304774159435e+00 -5.100054761018817828e+00 1.037495212698646263e+01
-4.700573978033544265e+00 2.131976416039127908e+00 1.016488144337033717e+01
-8.604812176057700102e-01 1.036897267185288296e-02 1.000281726114500813e+01
-5.817020393968512337e+00 -5.736241645371411568e-01 1.011148734991753884e+01
4.146820495703637199e+00 9.069226717331630994e+00 9.995859176138297997e+00
7.665402192536509673e+00 9.278171394897132274e+00 1.011649609856532983e+01
-5.837832816731721941e+00 -5.261616291867194484e+00 9.495397534688789776e+00
5.868054288268987229e+00 3.520111007275023240e+00 1.048156836684068516e+01
-5.318102597444079649e+00 -2.785399526545951243e+00 1.039224016355863967e+01
-6.207741387440215419e+00 7.306432004892507770e+00 8.131118537024329740e+00
8.448784071955666164e+00 -4.875200920125511317e+00 1.019171786299472870e+01
-5.638651755902535534e+00 -1.035135677683850375e+01 1.002796917422456069e+01
-3.513343710432412781e+00 1.433523015848982896e+00 8.524460831436849517e+00
-4.680815832801336285e+00 -1.045495238928510950e+01 9.957664044781759927e+00
-5.646545460335099520e+00 2.142913272262052082e+00 1.000309745224105207e+01
-2.256107824204856005e+00 1.561275236334918270e+00 9.986476667270926200e+00
3.868817487030444369e+00 -3.046299468111641318e+00 9.533606043063016955e+00
1.021822998132049420e+01 -5.663817496440600507e+00 9.941706956800665296e+00
-4.055964832233367900e+00 2.500746143515517161e+00 1.015881435564757673e+01
1.517247721562103635e+00 -1.137015495312683644e+00 1.021539202549884351e+01
-1.774860060094041181e+00 -2.270025805050988943e+00 9.984788751694557263e+00
-4.663243026326799878e+00 6.297325015629113842e+00 8.982300888209328704e+00
-6.471868662848412335e+00 1.818130298452184934e-01 9.977427520879082579e+00
-3.572159708513144238e+00 -5.067883149019355216e+00 6.911066202298131067e+00
1.175290120484819401e+00 -1.008333202390486072e+01 9.512899232091792001e+00
-8.246230341427150279e+00 -9.208897593622175748e+00 1.024839531989898234e+01
-8.848815535571755930e+00 -5.294329494680436454e+00 1.013399583120137670e+01
3.632839074479687902e+00 -4.398926791984083096e+00 9.575934955973357532e+00
-5.238791443318806529e+00 4.795547269557348002e+00 9.960771562112931576e+00
1.618078481734027907e+00 9.715325058172876282e+00 1.005830759322276435e+01
-3.366721314111737584e+00 2.337879629293226014e+00 9.724650600304684644e+00
-8.236047150100281655e+00 -5.426420937887291629e+00 9.820138754724471397e+00
7.080163591771135856e+00 -1.932221296698425572e+00 9.876862298400435947e+00
-1.078104176749072884e+01 7.267081986398639337e+00 1.022020728964109537e+01
-5.713775297989245328e-01 -5.343550948617874496e+00 7.966364317386494420e+00
-2.630559443578666112e-01 -1.681555989782955285e+00 1.068982115100182106e+01
-7.008628278510246057e-01 -8.368030079899613227e+00 9.926396332282102719e+00
-5.804728606792995294e+00 -1.034676075214798541e+00 9.378359217899324918e+00
7.841173415679684844e+00 3.865373186270662398e+00 9.639542932192565416e+00
5.113524887820435794e+00 -5.484763092268598150e+00 9.739549027425422167e+00
-5.393817955464665914e+00 6.064185081916101616e+00 9.923568559115372167e+00
4.805705065468274029e+00 3.158147019867649785e+00 1.029881089811319050e+01
-9.279171991244283824e-02 -6.931435883954717880e+00 8.278375694459178646e+00
7.894949330416018540e+00 7.548435897839888220e+00 9.927458892831497295e+00
-3.769492925292283747e+00 2.080764988717175523e+00 1.040814331458848763e+01
-7.403709207051328178e+00 1.041646348367661679e+00 1.009799348674532737e+01
-8.901538437466292919e+00 4.004505702398544642e+00 9.904940756835355131e+00
-6.175428368686852743e+00 4.354189064812742593e+00 9.710852149759750418e+00
-2.842340727615285889e+00 2.533241383397056623e+00 1.206724463000656478e+01
1.750121764327734031e+00 -3.913413952836065857e+00 9.892038687693560206e+00
1.249071220147936856e+01 -7.854004712324277548e+00 9.333838259867599518e+00
-4.158202292481354867e+00 1.124423313423448700e+00 9.871147570032816176e+00
6.068717868670777449e+00 6.119921222515136705e+00 1.064296674373876606e+01
7.290134161285705794e+00 -6.991381510393257059e+00 1.001134084215370024e+01
-9.286486185202452504e+00 6.362736954879522955e+00 1.000457574998504917e+01
-5.212352900781749732e+00 -6.711801596030683825e+00 1.000128584805432475e+01
9.186479158766454489e+00 3.846654360088154423e+00 9.854573108370818346e+00
-7.823039493225997232e-02 7.545840641716569763e+00 1.014529070113768761e+01
1.765815127047259958e+00 4.526649341870796484e+00 1.000232744464677914e+01
-9.803047046685634314e+00 4.561141032827062070e+00 1.120979115519500091e+01
3.720877823431382403e+00 -8.410102861106697247e+00 1.028207485203939520e+01
1.050652147732881225e+01 -5.695107276364211657e+00 1.026849066534231092e+01
-2.293545096680202899e+00 -8.533181359782075148e+00 9.556177524263377521e+00
1.344865856261032722e+00 -9.715165497695878116e+00 1.015789999359594376e+01
-1.991072735903380631e+00 -8.078332366274338483e+00 1.039385982783504403e+01
5.623625090283363548e+00 5.713341930387836776e+00 9.710258348884572399e+00
5.337015686776397594e+00 7.607485836917223132e+00 9.159865477407487688e+00
-3.103469533099304734e+00 2.944159230085304113e+00 9.999461478911563006e+00
-3.782236344027898767e+00 -5.673624524875219954e+00 1.028119010882342010e+01
5.493312140258599818e+00 -7.389220774969315286e+00 1.067652282176948475e+01
-9.239019554715039106e+00 -3.543208337913022365e+00 1.334426990474006303e+01
8.222527775116240889e+00 6.794656325507919092e+00 9.391389502974728742e+00
-6.111526952196300932e+00 5.072084094196289250e+00 9.943814932712106369e+00
-1.023974197630767247e+00 -2.839037634938153865e+00 9.917788099011673353e+00
3.934732000244169026e+00 -9.140389698805963192e+00 1.000809739425952039e+01
-7.294964559603099197e+00 -1.128363794031680278e+01 9.508563418001109824e+00
-6.908732098630934182e+00 -1.009558577230994203e+01 1.003451766401826539e+01
-6.020808210828231033e+00 4.471680117674965871e+00 1.003064125088431702e+01
6.060336169457347211e+00 -1.686686073574236833e+00 9.947310919771506832e+00
1.004796348060058619e+01 -3.411838544423055009e+00 9.612268425770551517e+00
5.454392619558160682e+00 -5.162731548682801375e+00 9.462016690360526283e+00
-9.073831836352686864e+00 2.516724530659777415e+00 1.024697443130914287e+01
-9.052915336661268242e+00 1.789781639774461031e+00 9.939450205790336668e+00
-2.943182025786946099e+00 6.056640102027344597e+00 1.012223334737720926e+01
1.020142777677879087e+00 -2.957989470771453355e+00 1.002526748092723352e+01
-5.718736700979516030e+00 3.563315170982370717e+00 9.991938695514027913e+00
-8.190825759657787586e+00 2.655802694561340438e+00 1.009712420510313713e+01
-3.338740351610419710e-02 -2.651411990120168483e+00 9.657306997772943546e+00
9.544065956478156920e+00 -8.507701537525411695e+00 6.211566299913558353e+00
-7.560405889692409787e-01 4.062784781988112215e+00 9.617739460336274249e+00
-7.342817880354512994e+00 -2.239504769275750373e+00 1.007323531762833468e+01
-4.983820087379761787e+00 7.706431043910872525e+00 1.000514251913167740e+01
-1.011543947828833012e+01 3.910341674602073159e+00 9.631441445168528404e+00
-2.965471489939428107e+00 -1.066844605171348803e+01 1.107402075232117866e+01
1.900341614468138873e+00 1.354309715332150610e+00 9.012765278294189386e+00
-2.189796620348268164e+00 1.308609117927732823e+00 9.982008148845482154e+00
6.500264290201090311e+00 7.934905456782712641e+00 1.126939777152737321e+01
-6.185824420213725361e+00 -8.911292865678646535e+00 1.088367419557605764e+01
3.904819469438654878e+00 -1.846955654763837273e+00 9.487851710649682246e+00
-1.076943736696763310e+01 5.653865581117037742e+00 1.028848597836137380e+01
3.100435950575025634e-02 -5.463888891676291770e+00 9.978118358689757272e+00
-6.854680013211370770e+00 -1.018722461368419374e+01 1.009492296895963470e+01
7.091665482248645347e+00 -3.544071159091034762e+00 1.033335186709998510e+01
8.523932935695448521e+00 -6.157388695389729882e+00 9.925643137300099283e+00
-3.893369760571301796e+00 1.154868685924803628e+00 9.466895765986224731e+00
9.657676884272822782e-02 4.376586148558844869e+00 1.068182874058547505e+01
5.891734210691927487e+00 -5.264622074317241385e+00 1.064515434363944024e+01
8.003963383546304655e+00 2.281622132810008807e+00 1.002695149493736260e+01
-2.873975717868268109e+00 5.945163600113841262e+00 1.010218687967615026e+01
-8.544814548082127814e+00 -6.586695690876189779e+00 9.985991401991759275e+00
-1.743501074935813300e+00 -4.718656915489559900e+00 1.114610678360301321e+01
3.825872409790246564e+00 -8.062604478224720594e+00 1.021913453717975528e+01
-1.788224634872555452e+00 -6.917834336842636489e+00 1.056171636190739527e+01
6.287945338124146133e+00 2.113413932387468108e+00 1.001592770850245095e+01
-5.431531902332674910e+00 1.235919507933111561e+00 9.856268546001969000e+00
-6.225080175215023104e+00 7.689032897145002821e+00 1.000526972795478109e+01
-2.738433020515316674e+00 9.070804704501252758e+00 9.873366417056001154e+00
6.361945563035978246e+00 -5.933707223119013108e+00 9.953592982292946090e+00
2.236447051964039812e+00 -1.629150728251724800e+00 1.008122595953187250e+01
-3.703127999564068240e+00 4.887311758563955166e+00 1.022896777212464947e+01
9.459220734303830369e+00 8.168272508268977106e+00 8.809358556076306357e+00
4.176014268254494510e+00 9.340560274700656862e+00 1.012665346129417543e+01
9.350365610123088089e-01 5.293608755258896181e+00 1.112419245947105750e+01
-4.408468835220227811e-01 -7.385386446595655130e+00 9.991911487802129344e+00
9.608252776467738343e-01 -8.594890184495316277e+00 1.019276848337647756e+01
-8.863706457849471754e-01 -4.942027432160577938e+00 9.765566918387461826e+00
1.080700791403966798e+00 7.978877372057615602e+00 1.099931984513896666e+01
-3.499875409028142759e+00 -5.933155242842910404e+00 1.014455222598208906e+01
-1.115442466948856737e+00 -8.925719630467856547e+00 1.001462001103606170e+01
6.973386480528098730e+00 8.939065810992026684e+00 1.021463810450245013e+01
-7.387057932081344092e+00 -1.186619795948068878e+00 1.004475087542408751e+01
8.792730245349840601e+00 -9.191392295683559199e-02 1.005570116349990428e+01
6.222055823646306827e+00 7.181394232838792746e+00 9.905719641334158609e+00
5.380559227776414488e+00 4.211072823432910006e+00 1.000175041110106733e+01
-8.801518372807315416e+00 -4.058497480583621808e+00 9.982896627016920377e+00
-8.892315847247658667e+00 6.055416190898451623e-01 1.014856504065279097e+01
-2.047502633735274191e+00 3.246751594125592444e+00 9.999953669260156275e+00
-2.205330064111321153e+00 8.095089296945177537e+00 9.643858104320615965e+00
-2.677716388285216631e+00 9.086714722990073767e+00 1.000328367627391124e+01
7.836265752276548646e+00 -3.332329859073914768e+00 8.786462596110446555e+00
-5.561287028907640817e+00 -5.980965655350568788e+00 1.005986490738449213e+01
-3.820071607700013860e+00 9.597107230437257996e+00 1.036780966639454071e+01
6.541889135323081916e+00 1.037329295974469900e+01 1.017433368557299112e+01
-5.176910808861867608e+00 7.568830880809569450e-01 1.133873974599778833e+01
5.723723536268378709e+00 9.147434883447743914e+00 1.016896968720063654e+01
-8.916471420896415756e-01 1.285619665811624124e+00 8.720615912235700762e+00
1.546060839034300027e+00 -3.061620747574150148e+00 1.035060325039582629e+01
7.915888167872075165e+00 7.110538521449852212e+00 9.804098090200819016e+00
-3.022796471855758504e+00 -8.476234333778002394e+00 9.372480332394463431e+00
-5.497952959498459080e+00 -8.772943825708803267e-01 9.523643660309179637e+00
-3.435472797732995520e+00 2.446491218777509857e+00 9.286895632043853155e+00
-6.364060003336656557e+00 5.255936317338348651e+00 1.110861973792581026e+01
5.011725732645810005e+00 1.201336211508306162e+00 1.042913813905272669e+01
-9.574052928012328323e+00 -9.152231300864053232e-01 1.023518168991249766e+01
7.374060669099613996e+00 3.271595725080528871e-01 9.957157191949717046e+00
-5.907168045596594474e+00 -9.438536483681634337e-01 9.637296014560980950e+00
-1.126831962251392305e+01 7.474892247914920240e+00 1.030914649661114524e+01
3.736169201429353492e+00 7.066919416125435838e+00 1.017552527659668549e+01
7.375008341362869757e+00 -5.980916951328310027e+00 1.005699493805044575e+01
2.058497447923747448e+00 1.015945574170565457e+01 9.967210350052328138e+00
5.841178874820442068e+00 2.616172016900614850e+00 9.859309455854228688e+00
-5.135561117084663785e+00 -3.849608951229692710e+00 1.001465668660500796e+01
1.730824090180601127e+00 -5.114218792619258380e+00 1.002055929493436182e+01
-7.183642481901278742e+00 -7.105692487659898582e+00 1.025328973807987154e+01
-6.620361451332662517e-01 8.337295665464603545e+00 9.803842549648768667e+00
2.482868237432296787e+00 -7.733962081938527078e+00 9.964879641184397840e+00
-4.722191833633669233e+00 4.137657807627499018e+00 1.032907989083423317e+01
5.075628902065091319e-01 7.337309642697812606e+00 1.002108708976457407e+01
-1.478615746126852537e+00 -6.588519500448271948e+00 9.198760142176453769e+00
1.872940497115415104e+00 1.671475359135157657e+00 9.961258768734461810e+00
-7.456346861550630756e+00 3.984795873128287980e+00 9.940930670279138681e+00
-1.018388530133126757e+01 7.681936053779793383e+00 9.642984734411715664e+00
-8.326310298683857525e+00 -2.894809088788689255e+00 1.160516812506221740e+01
-1.017076367901736722e+00 -1.325218834795884204e+00 9.912854261520516630e+00
-8.273389555440578746e+00 -4.176704775067766384e+00 1.023037746866602227e+01
2.153194343141881628e+00 1.866832953344805812e+00 9.981027028625621966e+00
6.707725310446112310e+00 -1.680726414036312288e+00 9.399103686157580739e+00
-3.977757655934640812e+00 2.456970255417759930e+00 9.904108094827028808e+00
-5.259483972455457623e-01 -5.627351497802233204e+00 9.985440183965252459e+00
-4.975967059323592956e+00 -8.920522891547363331e-01 1.027732348621822567e+01
-3.012426474188083070e+00 8.404291502417789772e+00 9.986996091814836163e+00
3.695161198885700937e+00 6.797648017287499123e+00 1.019215150182847296e+01
-5.116505496174218237e+00 7.006396424658592359e+00 1.033934665986355839e+01
-2.544247432230214656e+00 -9.099219507150976938e+00 1.110328740695261907e+01
1.426805173961616324e+00 6.201561126662981316e+00 1.000214034583540723e+01
-2.931071191034345436e+00 -7.481456848668291748e+00 9.273096646162978018e+00
7.290480000904155489e+00 2.864702760525802194e+00 9.958625717582005876e+00
5.065231241458208800e+00 8.459249065081040797e+00 9.973030699827956980e+00
7.303513606704741257e+00 -2.972784785221528558e+00 1.040163012953693666e+01
6.270694159947284518e+00 3.201585949200074221e-01 9.993501055183800830e+00
-5.003558375821184789e+00 -8.809258366893596204e+00 1.045113666563639399e+01
3.599894028223383113e+00 7.783563328706478934e+00 9.614754042017789715e+00
7.623627984279679026e+00 -6.929119037516044521e+00 1.000972238954372528e+01
-2.297661550752907900e+00 -2.735356138071940890e+00 1.018206405244834833e+01
-1.740563534168590554e+00 -8.767235903248275619e+00 8.797854681570424162e+00
-8.757486296858239427e+00 5.659858487827813533e-01 1.001401269002670702e+01
8.660574378057159350e+00 1.135622679529153078e+00 1.048987226621196278e+01
-8.299117435156084355e+00 8.181821219975315529e+00 9.981954925636033593e+00
9.610763371489916551e+00 1.768510153267742968e+00 9.879427800787302871e+00
1.760856282754597268e+00 -6.481477648850883178e+00 1.139606716416682275e+01
-7.845373891710761605e+00 8.208775062634961373e+00 9.779508525488756376e+00
-3.049269542163716373e+00 -1.063702515594243181e+01 1.003738473687595523e+01
1.125980734305713504e+01 -7.021875307478408601e+00 9.865931325938632312e+00
-1.474315721037902538e+00 -9.584694465583599055e+00 9.825126541089584720e+00
-6.401581498288707373e+00 -1.547632657758218677e+00 9.609064724262735169e+00
1.027084607266895411e+01 -5.165000713649256170e+00 1.017315150097984322e+01
-3.684650373366273435e+00 6.278561392728896351e+00 8.535759780911114092e+00
4.784197077087767980e+00 -8.438708992339313042e+00 9.309044234126446327e+00
-2.338663890571764270e+00 -6.331027570457363751e+00 9.570579764483071017e+00
4.983091359348840399e+00 7.728701729536359366e+00 9.945852535714363896e+00
-6.237015388887039435e+00 -1.017185052003755352e+01 9.922422404335117463e+00
1.386403507837214555e+00 -2.418604107840786721e+00 9.914179562882658558e+00
-8.752695947671572441e+00 4.086418908496254332e+00 1.040071265011738078e+01
-4.073917836551567362e+00 8.775228745710770273e-01 1.003555010418003413e+01
7.963201671173342433e+00 7.987654921618190684e+00 9.392876513475490796e+00
-1.065916671241362046e+01 5.107204719225912015e+00 9.974164320940017703e+00
-9.375410481936349072e+00 -3.263496689441778287e+00 1.007579551818132124e+01
-8.373739733204329738e+00 -2.216101947762842694e-01 9.999215983367248484e+00
3.517263481985444251e+00 -2.905475278126673500e-01 9.370716516487211933e+00
-5.041147237637463863e-02 3.486015549831047888e+00 1.054591315826058029e+01
2.202615731401333488e+00 -1.748274336556859598e+00 1.015622931531061113e+01
7.440114168886079682e+00 -5.359289389544047211e+00 1.078975994943133010e+01
1.147380788780454131e+00 -6.007838452501886195e+00 1.011113103245103595e+01
2.255997348514474865e+00 -4.233988987628160561e-01 9.525074911500247765e+00
-4.282053065120258850e+00 8.353520536938850327e+00 1.005486352944136819e+01
6.181989335246672823e+00 -8.968698657524839746e+00 1.333135392953301945e+01
-9.238724293459590342e+00 -1.258074999841095831e+00 1.000638345231936377e+01
7.127135979690342182e+00 -4.367622622589635739e+00 9.849835989876631004e+00
-4.441527636370200760e+00 -1.162125632266739483e-01 1.012472242113094900e+01
8.779848647370085857e+00 6.581720425105973327e+00 9.936367292584947108e+00
1.150262630042156564e+00 7.685250580174091795e+00 1.001118234789210426e+01
-1.979078035983125039e-01 7.163740737775845524e+00 1.007445385044718478e+01
8.422906765558302311e+00 4.055285180128485933e+00 8.913547501561039255e+00
-2.573706425414588939e+00 9.997994904760504342e-01 1.023399376373286707e+01
-3.711973401659283578e+00 3.058812059431038843e+00 9.995659955776662997e+00
2.482120370742904925e+00 -2.601285184219083391e+00 1.015869860750255427e+01
1.597177139854642824e+00 -9.317455301845406268e+00 1.007352937842042806e+01
4.650500774843798091e+00 3.605823863276255370e+00 1.002622448878936900e+01
-6.498784919085530687e-01 -1.656493255476324755e+00 1.026225170188869740e+01
2.274827399434062425e+00 -1.323681778496203831e+00 1.001603630708306270e+01
1.034496627988684025e+00 3.133323373753786001e+00 1.018492321073467366e+01
-8.141964335627505989e+00 4.899507900815262218e+00 9.487327655059900167e+00
-1.010488830539770788e+01 -2.369089911002580706e+00 9.488053561061560615e+00
3.190892248717731583e+00 -8.347790766343242908e+00 1.002695977829454321e+01
-8.366027581829676762e+00 -8.070411567473428249e+00 9.999421805712064071e+00
3.202137518774275993e+00 4.995683323925736552e+00 8.748457899296258944e+00
3.698755536018913048e+00 1.233823651144833722e+00 1.170278329034020715e+01
-1.906432904945440931e+00 -6.144512786985066199e+00 1.000465384112792044e+01
4.440784142582753447e+00 1.078804319258448707e+01 1.027632638180590341e+01
-1.810712447232357913e+00 -1.001277278036566010e+01 1.002344936973584666e+01
9.456212450992779184e-01 -1.095144642094670440e+00 1.004162357246315196e+01
4.384401998964372993e+00 -1.265310958661543861e+00 1.094700037843223761e+01
-1.048247918792609568e+01 7.748376774491358532e+00 9.843112447671899190e+00
-4.908406219546566085e+00 4.621145307809886305e+00 9.900456251303777933e+00
-7.548855484156442586e+00 6.063394998643543587e+00 1.120465569804504113e+01
-4.375536467668379892e+00 -9.186580198118264207e+00 9.970700709510074589e+00
-2.836167173606108705e+00 9.110960200177213864e+00 9.000082477958303073e+00
7.219988012205496908e+00 1.144942383076864978e+01 9.935025936515669898e+00
-8.460814650052700614e+00 -4.896255640787482655e+00 1.082609520133974179e+01
-1.888063301616903500e+00 6.373024665145809564e+00 1.079586284596403090e+01
3.506690111165938095e+00 1.027842212194242677e+01 9.487491259831218215e+00
-9.222940655866994630e-01 6.706904771928360320e-01 9.959136890563394573e+00
5.944162020347826925e+00 3.881008154064133908e+00 9.689765026583708973e+00
-1.947565236011602252e+00 -8.524503492403217919e+00 1.043520396626206370e+01
-5.106076787050827015e+00 -1.104715999443714480e+01 9.463113182341354346e+00
-6.956388240745868146e+00 -1.571322956501516543e+00 9.898242199359227556e+00
-1.031294956488696402e+00 -3.056466287028059003e+00 1.026737146597255901e+01
-6.294814898323169317e+00 5.294483225766121848e+00 1.004729525009628333e+01
2.593227621766922564e-01 -5.810013316358747737e+00 1.110564490416724581e+01
-3.443070070536568661e+00 2.731676416338301827e+00 1.047996574729792663e+01
1.192847245886099472e+00 -7.646963677596391840e+00 1.082551220308900852e+01
2.546433737174079726e-01 -4.483317500885505957e+00 1.003730268078554211e+01
3.232294222510779580e+00 3.849168925109160977e+00 8.600183571191555743e+00
-6.264190144598349441e-01 -1.525537582125234159e+00 1.024738964579779044e+01
3.118938950455448111e+00 5.022071174522420023e+00 1.031058880597727878e+01
8.747723027468328638e+00 -3.578647388137720320e+00 1.015678022554181048e+01
2.005709008741899169e+00 9.392961387558658615e+00 1.004781829195335341e+01
-4.551250465145455948e+00 -5.490899441255157498e+00 9.847457851229298953e+00
8.424636783965127051e+00 4.801124846100494281e+00 1.017779467460427334e+01
1.614086883954880536e+00 -3.460207448417266907e+00 9.807477311467428294e+00
8.111698995372761400e-01 2.407920362508845891e+00 1.001380009108699021e+01
3.073064610755769976e+00 3.234819738127053146e+00 9.747652184737294334e+00
-5.919599728813206063e+00 2.475642278639100358e+00 1.000090445136663497e+01
4.068406353738772685e-01 -3.295426756531640855e+00 1.042705038928763805e+01
-3.048129270259343215e+00 -1.113940555248850994e-01 1.044320303619815782e+01
-4.984228251885634009e+00 4.828646453146888895e+00 1.008622644768854215e+01
9.036820185339415445e+00 6.697730434898929275e+00 1.018566681522326434e+01
1.142932919312628215e+01 -5.602060100819027610e+00 1.012972454612579476e+01
-1.375756620683247444e+00 -2.071885438530973289e+00 1.009109645879939521e+01
2.580411660232643456e+00 1.347536672116529832e+00 1.037762446789123061e+01
-4.751865767587981182e+00 -2.492227003254048778e+00 9.756950468853359482e+00
3.569783331104853241e-02 2.893672079942120501e+00 1.002429542993144196e+01
1.260536149158290598e-01 3.478098836350366874e+00 1.010245676591238606e+01
-7.142565418900741037e+00 6.193673246405914767e+00 1.006985759829625593e+01
-3.266703024994890292e+00 -2.165330407144114844e-01 9.888496572079349178e+00
-7.333764061990180494e+00 2.936155568433864715e+00 1.000163070957196254e+01
2.890229936370465769e+00 8.590273104919111447e+00 9.978374314931810929e+00
9.061702268823420781e+00 -1.974071232918337637e+00 9.972951842033236147e+00
8.257174945055401061e-01 4.272034980687900330e+00 9.986690457349801875e+00
-1.062376310575305993e+01 3.114473743933780181e+00 9.851542851369112341e+00
-3.608923960110361318e+00 7.282663904635757746e-01 9.001349167636188753e+00
-2.995537006677784220e+00 -4.064466902636409529e+00 1.001143752675183585e+01
-8.342304181820644260e+00 -7.862271384767738347e+00 1.013882564943322251e+01
2.538959504123755817e+00 -3.913485855346404474e+00 1.087966238313201117e+01
2.102796615319950213e+00 4.832726688345299948e+00 1.091825019046580181e+01
9.257303317943739174e+00 -3.829976894797080256e-01 1.013494856898031671e+01
-8.604097910363757151e+00 3.369636785918980415e+00 1.058100215871481353e+01
8.101117933097258472e+00 8.319064063324276503e+00 9.626333359033658610e+00
4.567648308565608772e+00 8.476659360594171133e+00 9.494189700643818952e+00
-7.873819760832333259e+00 -3.924877980418039147e+00 1.061599399342746963e+01
-5.738760547800727529e+00 -8.376030722875535517e+00 9.856921713374605432e+00
1.534618911385103646e+00 -1.149157223591715349e+00 1.039706805501875486e+01
-4.795618665604629349e+00 -5.803931430463022068e+00 9.950930963435887122e+00
1.023733443411352617e+01 1.602361437546198641e-02 1.089252781450026042e+01
7.830974584162603946e+00 -3.422551781671918647e+00 9.705460860550699564e+00
-5.418253641901089601e+00 1.776469558240004076e+00 1.087453324497882434e+01
1.072387740368477438e+01 -2.564812998895269924e+00 9.807167286863839095e+00
-5.782006501096766948e-01 8.352856775614654339e+00 9.952983365160514850e+00
-2.137744147868378075e+00 -9.463598261821790203e+00 9.998402758534121304e+00
4.069286692829408913e+00 -1.384641575874535180e+00 1.002337942406030002e+01
-4.977663879883993836e+00 -9.916042082576455030e+00 7.910950431569878205e+00
7.456902088026351461e-02 4.621020983805172122e+00 1.063461576203820691e+01
4.136728975407621078e+00 2.825640950645159633e-01 1.133490850513793902e+01
2.722169872556250869e+00 3.881459006749147789e-01 9.606206178654874250e+00
-6.024487486485655019e+00 -7.166127176502945506e-02 1.018252378822830373e+01
2.774144953456317619e+00 -6.150200416962056771e+00 1.015790398501404646e+01
1.307808760685985616e+00 -5.889145823927237622e+00 9.962952214813043383e+00
5.843016483538909789e+00 8.429621127602077379e+00 1.069746093826974231e+01
6.574321226442318533e+00 7.847155281040567587e+00 1.014582831561540921e+01
2.707290432282836612e+00 8.550624356771345802e+00 1.003529165407855928e+01
4.199931170844563577e-01 -6.465778848817187452e+00 9.729881652506326972e+00
6.222631225956446244e+00 9.418216077387709717e+00 1.003548196095514733e+01
1.123591631071692021e+00 6.431686212533763936e+00 9.999469381149420855e+00
-1.012025436576707804e+01 8.037858965706117687e+00 8.389275896551373179e+00
-5.986964658989964327e+00 -2.459888014300410486e+00 9.582157776379903069e+00
-1.117221570789907581e+00 -2.487134126488799168e+00 9.887722275246618509e+00
-1.362350642470983253e+00 -6.746742429557567533e+00 1.289889080986364789e+01
6.472469570197971755e+00 6.493743903828867126e+00 9.995468993269142288e+00
-7.994041740388416528e+00 -2.348174108660750825e+00 1.113459674827624468e+01
-6.581675267575111121e+00 -2.821422480592346904e+00 1.000145964958508316e+01
-5.230374701190815045e+00 1.080478891594236046e+01 4.300244220150533536e+00
7.697388065104537880e+00 1.506982183175599399e+00 1.062572358799420158e+01
-2.619619074852764573e+00 -2.255888972471884468e+00 9.923455782392021973e+00
-1.799676387631755192e+00 -1.164263841896972451e+01 9.748649785499942766e+00
-2.838873915195239128e-02 7.813639393615542161e+00 1.083748396989710372e+01
-4.259049707663970508e-01 1.211328471418065211e+00 9.995189577777955137e+00
-9.115213301969934179e+00 -7.155510307318899699e-01 1.079684464519385223e+01
-2.907663017222033019e+00 4.538601508976389809e+00 9.816631242900246690e+00
-2.533017816184209181e+00 1.384497160149877670e+00 9.998048706372086869e+00
-2.518923047043495789e+00 -3.144015760248982660e-01 1.034491581339316646e+01
-9.293571874095995611e+00 -1.644896384386973942e+00 9.661554110536275886e+00
-1.974406902876709724e+00 1.486226236265729472e+00 9.984392220541767671e+00
2.609833644010971510e-01 -4.330271287316058704e+00 9.102827741029923203e+00
-1.921090015259165007e+00 -3.149471933564568005e+00 8.879634910979611107e+00
-8.429666687048138485e+00 3.014830375275859620e+00 1.019685407966091262e+01
-6.532873254508991145e+00 -4.769526555240460652e+00 8.250352288647928134e+00
-9.515906866233910577e+00 -1.379055778873824689e+00 1.023470541408505952e+01
7.459000959164630018e+00 -4.949225614770399240e+00 1.037769631338639087e+01
3.675958301559320240e+00 -2.992438071764363272e+00 1.004945368358957047e+01
1.067548540912459565e+01 -4.501829521453453609e+00 1.006185140637818165e+01
-3.159625883911093336e+00 5.117109103738476605e+00 9.863073566281409299e+00
-3.670002138259595981e+00 -1.150997696732093623e+01 9.534234772105429911e+00
8.778636674260365425e+00 -5.933261591319829442e+00 1.012157063443311600e+01
3.795928272374178292e+00 5.068851261938231545e+00 1.073745194618959609e+01
-1.466410057498989339e+00 -5.439012554744659056e+00 1.004358434444652559e+01
4.316550003163968086e+00 7.856053260018944773e-01 1.031007896866360163e+01
-8.003862137392685483e+00 -6.965561542085533908e+00 9.910468188427742575e+00
1.775196023912283483e+00 -6.465023904828717249e+00 1.002028335112544077e+01
1.261766510602703395e+00 4.000883122092986355e+00 9.910825666894488961e+00
5.287916589286466795e+00 -1.932403531199657465e+00 9.977297769374892766e+00
3.561477517137671800e+00 -6.138896291844162079e+00 1.003370184059961723e+01
-5.087998004277961783e+00 -1.526604869560266309e-02 9.926382467679523813e+00
-4.679521536322110542e+00 4.232533611909579108e+00 9.980771654828119566e+00
1.025416645830405926e+01 -4.342119640839017691e+00 8.590763370076597738e+00
-8.193715790017096268e+00 6.622356838678438606e+00 9.988549201032183689e+00
-1.138466298046676206e+00 -2.619181994933237778e+00 1.018334347692947439e+01
3.738369215636275111e+00 -9.575895461605089309e+00 1.014113271690533047e+01
1.876412415798481392e+00 7.515070721011771759e+00 1.000525372314749006e+01
2.727809119675467242e-02 -3.769966025317064151e+00 1.095955104801802626e+01
-1.620244665008045426e-01 9.101984277857155803e+00 9.780516259963818015e+00
3.204798489527937555e+00 -7.521796055956274429e+00 9.773635262506296328e+00
5.545615610729511147e+00 -2.995800311777383040e+00 1.006002410013689818e+01
-8.763363368954532717e+00 1.011009105206007286e+00 9.437752162212959206e+00
-1.936799195340320523e+00 -6.907348004650504691e+00 9.587949825428282224e+00
-5.032912324973674245e+00 -6.702655538125542378e+00 9.971486507453130699e+00
-1.774213502030764111e+00 -7.002901373485889147e-01 9.953679156325172528e+00
6.269651003121602173e+00 3.208725753378407930e+00 9.779158482563161670e+00
2.461600896022974716e+00 -9.195492465229090584e+00 1.014806280241709935e+01
-3.487250883424455328e+00 6.190506977640000130e+00 1.068239806079858667e+01
9.563757252529970998e+00 -5.554618212259462950e+00 9.846950584439568388e+00
-2.083484593582008770e+00 -9.004128658705219834e+00 9.893933518641842895e+00
8.548195510048655521e+00 2.283843702605052428e+00 1.004687791958704324e+01
6.020913815771626876e-01 -9.666444313082718232e-01 9.998425458583199088e+00
-3.352901032906507872e+00 1.384745707745492993e+00 1.280947674841441142e+01
4.624484631589741213e+00 1.071948607023720079e+01 9.996205432921673406e+00
-9.147320470608844900e+00 -5.195140501607639072e-01 1.056376954482556130e+01
5.234713582614647365e+00 -7.177461505548868859e-01 1.055031978872618659e+01
3.889316581539197237e-01 -9.622258634136928279e+00 9.368255004939539887e+00
5.715969937338950535e-01 4.207590954955149343e+00 8.518804666885122501e+00
8.481777181039234392e+00 1.183763337720342790e+01 9.407053162143954594e+00
5.350967620677232084e+00 3.239895253771087891e+00 9.777527223369462561e+00
-7.830625949493246196e+00 -1.317204541990124600e-01 1.010456758630225771e+01
7.229787151900244346e+00 6.079561822840235941e+00 1.007726830366309478e+01
3.800575547105571883e-01 -3.992730811668141477e+00 1.004185292805739671e+01
4.686173980460376143e+00 6.134812430072601686e+00 1.031951329460725120e+01
-9.223466572961507737e+00 6.304008990023317160e+00 1.011237773221838943e+01
-5.928059786625572869e+00 -1.063074441572049977e+01 9.995239381933236800e+00
-3.080136009847302958e+00 3.781052653715399003e+00 1.039194523119213365e+01
-3.323079115681275120e+00 8.966841155166019206e+00 9.601933227989416508e+00
-2.266564298210327344e+00 7.572131420103717758e+00 1.019519841002002103e+01
-7.230707609362765353e-01 7.279228496043602448e+00 9.827471421838588128e+00
1.572754327566883714e-01 8.002325459542811714e+00 1.004296184006474668e+01
5.666037374627085121e+00 -8.220709188401043477e+00 1.049175871106633195e+01
7.199422002591440162e+00 1.207031584750583475e+00 9.782790378951057519e+00
-8.371428053588827467e+00 -8.687754758072600225e+00 9.935011148011948734e+00
9.106471017502072440e-01 -2.272666149586840323e+00 1.040502212829141904e+01
-5.740583482977804408e+00 -1.018367296386899312e+01 1.003985287558657902e+01
6.827094345569127753e+00 3.981485885262435520e+00 7.768476028069352779e+00
-2.205112413038309072e+00 -5.310348848583265280e+00 9.995932139476055411e+00
-5.738179747080197624e-01 1.767726128728409396e+00 8.930570276570239940e+00
2.474028375545461511e+00 -1.076282133039157429e+00 1.040814060828205712e+01
1.923244026169119714e+00 1.271697107928730364e-01 1.010851787392460821e+01
1.362019419531481201e+00 -5.838142003007923186e+00 9.991406098256511825e+00
4.170180385358769115e+00 8.422028136873553450e+00 9.106761923595181329e+00
2.542566793642144329e+00 -9.364590602606854830e+00 9.448696537048942190e+00
-3.065607921690481685e+00 4.752966770358678872e+00 1.061974003498952257e+01
8.737342468883394275e+00 -5.390252115166438429e+00 9.976697516198514748e+00
-3.129822180590048131e+00 4.817569574609593452e+00 1.010632308019607883e+01
-3.354607015141291004e+00 -7.837044948008172085e+00 1.123103928478856162e+01
1.096218853964375661e+01 -1.771873314793510623e+00 9.861170886089954735e+00
-9.727747050789310457e-01 -4.474940434989123084e+00 1.060583417693933228e+01
-2.253321187557842276e+00 -7.390045516299855066e+00 1.008744185041341801e+01
6.533443679802118709e+00 -4.907408672111954751e+00 1.049488711932904472e+01
-1.181055569353179485e-01 -5.888119436596949363e+00 9.989771379084071867e+00
-1.929051736180483534e+00 3.647624343889779297e+00 8.722728588832877605e+00
8.599020355932202264e+00 -6.569458021652909707e+00 9.853388199725269914e+00
-2.284236855104432529e+00 1.145162976529789267e+00 9.509111999549103800e+00
8.648777151299631427e+00 6.875823211232459542e+00 1.000800666274753858e+01
2.037258097942017621e+00 7.979387304282319349e-01 1.000150423323210980e+01
-6.129908937507117628e+00 -9.132856850637841362e+00 9.846767768717535674e+00
-1.315508156387570071e-01 -6.862022103064203904e+00 9.251356446576512127e+00
2.929785999100687821e+00 7.544322256026409157e+00 1.103475915379187455e+01
-2.253041180870670956e+00 9.255680667190343769e+00 8.813637845177638042e+00
6.791826432734338503e+00 -8.540179038141141987e+00 9.676047896735770593e+00
1.600095454315253907e+00 4.607855860573343065e+00 1.001027298210928507e+01
-6.836899225072665232e+00 4.851627916748791902e-01 1.050833240748292141e+01
-6.190217394435452825e+00 3.767904025167179149e-01 9.961742983522444916e+00
7.472849864630332739e+00 -5.695498583391931824e+00 1.008899238008998900e+01
8.716517530333812047e+00 -6.688059060706340375e+00 1.028735887626760181e+01
3.748098613815413316e+00 9.470071350232112550e+00 9.837289729607766375e+00
2.857989938030267574e-01 7.597311008797102083e+00 8.948972946990997102e+00
-3.067852117384010757e+00 -1.360503981914109595e+00 9.961161756730017913e+00
-7.384735029441842791e+00 -4.155355664527020210e+00 1.007392047730168905e+01
-5.314867389587753621e+00 8.236857259538444831e-01 1.010459782355991543e+01
5.881285977776712137e+00 2.111825143663359050e+00 1.002104996510398394e+01
9.726118090595264221e+00 -4.233025686468169901e+00 1.089969033919354757e+01
-3.245154858262647934e+00 1.957445621269861658e+00 8.750394524328024559e+00
-5.235156044492747185e+00 8.255615050068094263e+00 1.009002958914481063e+01
-7.623387517925785062e+00 1.250495999269992664e-01 6.387140675213053953e+00
1.464438162026158619e+00 7.122992310973216945e+00 9.972669418623373971e+00
1.213770956825566794e+00 9.893321356460992533e+00 9.886000770433359008e+00
2.487071712359935738e+00 2.334623802802753278e+00 1.001300310647038039e+01
-3.156320148732481456e+00 -3.145552863869024662e+00 9.928883503916299702e+00
8.200988809293423998e+00 -4.053548494566206806e+00 8.706996922252038473e+00
-8.637945815696911112e+00 2.716527849570694819e+00 9.596657309257272672e+00
-4.927715158431833053e+00 -1.057425391659023894e+01 1.142555413516427976e+01
-4.893609868051230549e+00 7.508969059265615975e+00 9.867384190967458224e+00
